Carseats.train <-
structure(list(Sales = c(5.47, 8.86, 4.19, 5.01, 6.81, 6.63, 
8.09, 10.5, 8.55, 9.09, 6.53, 5.61, 4.69, 10.36, 6.59, 1.42, 
9.16, 2.52, 9.45, 5.3, 5.56, 4.9, 8.14, 5.93, 9.43, 16.27, 7.32, 
10.48, 9.5, 6.41, 10.71, 4.1, 6.2, 6.43, 5.27, 3.15, 6.71, 12.66, 
8.19, 5.68, 6.37, 12.11, 6.01, 4.81, 5.87, 8.85, 8.68, 3.9, 6.9, 
7.36, 5.33, 12.04, 9.49, 10.61, 10.43, 5.99, 7.71, 11.18, 5.17, 
11.7, 4.36, 0.16, 15.63, 8.47, 10.44, 7.63, 6.2, 5.86, 3.9, 6.44, 
5.28, 6.93, 8.64, 9.16, 4.1, 8.74, 7.02, 8.78, 5.87, 6.5, 3.13, 
8.32, 5.05, 8.47, 4.43, 12.57, 2.07, 4.56, 4.83, 8.97, 9.48, 
8.43, 5.04, 7.3, 8.67, 9.33, 6.88, 8.77, 8.01, 13.28, 6.41, 12.61, 
4.95, 7.78, 8.01, 6.03, 9.08, 8.98, 9.03, 8.03, 7.81, 7.37, 9.54, 
7.49, 4.15, 7.6, 7.49, 7.74, 6.89, 7.53, 10.14, 8.77, 7.56, 5.98, 
4.53, 8.19, 6.39, 7.22, 4.47, 13.55, 10.07, 4.16, 7.56, 7.8, 
6.62, 2.05, 9.53, 7.8, 14.9, 5.94, 4.17, 8.57, 3.02, 4.11, 7.57, 
7.68, 0, 11.96, 3.89, 7.82, 12.29, 5.32, 8.61, 11.27, 6.92, 9.39, 
2.66, 3.67, 7.23, 10, 4.12, 10.77, 3.47, 9.24, 5.64, 6.5, 5.21, 
8.07, 4.67, 10.66, 6.97, 10.81, 4.95, 11.19, 4.97, 10.01, 6.68, 
5.07, 11.91, 9, 7.99, 5.97, 7.96, 5.42, 10.59, 8.54, 3.98, 8.21, 
5.25, 6.18, 8.22, 3.07, 5.55, 5.94, 6.8, 2.99, 7.81, 10.08, 9.7, 
9.32, 11.48, 5.53, 7.22, 11.67, 8.77, 0.53, 3.42, 6.14, 6.97, 
5.16, 13.91, 5.36, 6.56, 5.57, 9.32, 9.01, 9.1, 9.35, 2.67, 4.78, 
7.44, 7.38, 12.01, 0.37, 5.81, 11.54, 8.23, 11.19, 2.93, 5.58, 
5.4, 11.28, 12.49, 8.89, 7.72, 7.91, 9.71, 12.44, 7.4, 12.13, 
6.88, 6.38, 11.99, 6.54, 7.7, 6.98, 8.65, 5.83, 6.67, 3.45, 4.88, 
6.71, 9.34, 2.86, 4.94, 4.1, 6.53, 6.11, 7.78, 11.27, 9.44, 12.57, 
9.62, 2.34, 3.62, 10.06, 5.17, 13.14, 7.41, 8.73, 4.34, 11.85, 
9.14, 4.68, 5.68, 6.95, 8.87, 8.8, 4.74, 10.26, 8.75, 5.73, 10.62, 
7.41, 7.45, 6.03, 12.3, 6.52, 11.17, 5.87, 5.3, 3.47, 9.46, 4.21, 
11.62, 10.51, 4.99, 4.2, 6.53, 8.68), CompPrice = c(108, 145, 
117, 159, 132, 115, 132, 122, 134, 132, 140, 138, 132, 107, 109, 
99, 137, 124, 107, 133, 144, 134, 135, 150, 115, 141, 105, 138, 
138, 125, 109, 134, 128, 124, 98, 117, 106, 148, 127, 113, 120, 
118, 131, 121, 131, 127, 131, 124, 120, 121, 115, 145, 107, 157, 
77, 117, 98, 131, 138, 131, 125, 102, 122, 119, 124, 93, 107, 
136, 114, 96, 108, 135, 111, 140, 130, 155, 130, 130, 136, 148, 
130, 122, 125, 125, 134, 132, 119, 141, 115, 132, 147, 138, 123, 
129, 125, 103, 96, 118, 128, 139, 142, 118, 121, 144, 113, 133, 
152, 115, 104, 115, 137, 130, 125, 146, 141, 146, 136, 150, 129, 
117, 145, 144, 108, 124, 129, 111, 131, 114, 143, 125, 130, 85, 
110, 136, 132, 131, 175, 121, 139, 138, 123, 116, 98, 113, 112, 
126, 139, 117, 123, 124, 147, 118, 130, 100, 109, 117, 136, 132, 
112, 114, 123, 111, 108, 126, 124, 108, 118, 116, 111, 104, 106, 
124, 121, 98, 162, 133, 107, 123, 133, 128, 127, 112, 157, 103, 
131, 139, 122, 127, 131, 120, 148, 118, 104, 100, 137, 103, 104, 
116, 138, 119, 121, 126, 135, 125, 114, 122, 141, 139, 127, 115, 
110, 111, 117, 109, 141, 126, 128, 98, 115, 131, 124, 98, 136, 
147, 125, 134, 149, 122, 143, 134, 149, 123, 93, 122, 133, 153, 
134, 127, 117, 134, 95, 135, 119, 132, 118, 116, 123, 134, 107, 
110, 121, 119, 89, 121, 137, 121, 123, 133, 86, 153, 131, 138, 
151, 116, 112, 113, 131, 137, 99, 129, 106, 136, 134, 124, 130, 
128, 131, 145, 137, 135, 143, 141, 116, 162, 161, 117, 146, 128, 
107, 121, 113, 107, 89, 118, 151, 140, 122, 147, 154, 120), Income = c(75, 
30, 93, 69, 61, 105, 69, 21, 107, 68, 42, 107, 113, 105, 73, 
32, 105, 61, 67, 31, 92, 103, 89, 36, 62, 60, 32, 72, 73, 90, 
22, 82, 93, 44, 118, 66, 73, 76, 103, 22, 77, 117, 29, 68, 73, 
92, 25, 65, 56, 24, 22, 69, 111, 93, 69, 42, 72, 111, 35, 67, 
41, 33, 36, 88, 115, 117, 32, 70, 83, 94, 77, 69, 101, 50, 28, 
80, 100, 30, 60, 51, 62, 102, 67, 103, 48, 102, 98, 63, 115, 
107, 42, 80, 114, 89, 62, 81, 39, 86, 39, 70, 30, 90, 28, 25, 
100, 60, 81, 65, 102, 29, 102, 94, 87, 34, 64, 26, 119, 96, 69, 
118, 119, 63, 26, 56, 42, 105, 21, 113, 120, 94, 100, 79, 119, 
48, 118, 82, 65, 50, 32, 83, 96, 78, 21, 69, 88, 41, 24, 94, 
105, 25, 74, 74, 38, 54, 64, 118, 65, 31, 98, 43, 42, 58, 38, 
80, 24, 69, 71, 37, 28, 71, 46, 113, 41, 104, 67, 52, 25, 91, 
82, 62, 59, 24, 53, 93, 120, 35, 35, 44, 55, 70, 64, 83, 100, 
79, 117, 74, 99, 72, 61, 60, 120, 32, 93, 89, 38, 88, 57, 23, 
45, 60, 110, 52, 42, 51, 34, 61, 93, 117, 54, 32, 84, 120, 63, 
58, 111, 44, 84, 69, 21, 25, 73, 84, 106, 76, 33, 40, 37, 90, 
100, 29, 44, 91, 26, 110, 71, 40, 76, 82, 119, 45, 47, 67, 78, 
86, 112, 78, 57, 88, 54, 68, 47, 108, 28, 83, 80, 35, 75, 80, 
93, 76, 44, 81, 67, 46, 64, 29, 113, 53, 60, 100, 77, 33, 79, 
26, 82, 32, 62, 42, 117, 31, 22, 79, 81, 35, 83, 54, 59, 40, 
30, 51), Advertising = c(9, 0, 4, 0, 0, 0, 0, 16, 0, 0, 0, 9, 
0, 18, 0, 18, 10, 0, 12, 1, 0, 13, 11, 7, 11, 19, 0, 0, 11, 2, 
10, 0, 0, 0, 0, 1, 0, 3, 0, 1, 15, 18, 11, 0, 13, 0, 10, 21, 
20, 0, 0, 19, 14, 0, 0, 10, 0, 13, 6, 7, 2, 0, 5, 10, 16, 9, 
12, 12, 0, 14, 13, 14, 17, 10, 6, 0, 0, 0, 7, 16, 11, 19, 0, 
0, 1, 20, 0, 0, 3, 0, 10, 0, 0, 0, 14, 3, 0, 7, 12, 7, 0, 10, 
19, 3, 16, 10, 0, 0, 13, 26, 13, 8, 9, 0, 3, 11, 6, 0, 10, 11, 
16, 11, 0, 11, 13, 0, 8, 2, 7, 0, 11, 6, 0, 12, 12, 0, 29, 0, 
0, 0, 10, 1, 11, 11, 2, 22, 0, 4, 0, 13, 13, 6, 0, 9, 13, 14, 
4, 0, 18, 0, 11, 17, 0, 19, 5, 3, 4, 0, 0, 14, 11, 13, 5, 0, 
0, 16, 0, 0, 0, 7, 0, 0, 0, 15, 15, 0, 2, 13, 0, 15, 0, 13, 8, 
7, 5, 0, 15, 10, 12, 0, 13, 8, 2, 10, 13, 7, 13, 3, 19, 0, 0, 
0, 7, 10, 16, 14, 12, 0, 0, 1, 0, 0, 0, 7, 0, 4, 5, 7, 5, 10, 
13, 0, 12, 0, 10, 3, 0, 14, 4, 12, 4, 5, 0, 0, 12, 0, 18, 7, 
11, 9, 3, 17, 0, 10, 15, 4, 0, 3, 0, 2, 7, 17, 8, 15, 5, 10, 
0, 10, 0, 16, 0, 15, 0, 0, 0, 5, 0, 0, 4, 22, 25, 0, 19, 12, 
5, 0, 10, 0, 11, 0, 0, 2, 15, 14, 4, 9, 0, 0, 0, 0), Population = c(61, 
67, 420, 438, 263, 45, 123, 488, 104, 264, 331, 480, 131, 428, 
454, 341, 435, 333, 430, 80, 349, 25, 245, 488, 289, 319, 358, 
148, 276, 367, 348, 464, 89, 125, 19, 65, 216, 126, 125, 317, 
86, 509, 335, 279, 455, 508, 183, 496, 266, 200, 491, 501, 400, 
51, 25, 371, 59, 33, 60, 272, 357, 217, 369, 170, 458, 489, 236, 
171, 412, 384, 388, 296, 266, 300, 410, 237, 306, 391, 303, 148, 
396, 469, 86, 304, 139, 459, 18, 168, 48, 144, 407, 108, 298, 
425, 477, 491, 161, 265, 356, 71, 472, 54, 315, 70, 353, 277, 
191, 217, 123, 394, 422, 137, 232, 220, 340, 261, 178, 80, 289, 
429, 294, 27, 408, 447, 315, 466, 220, 129, 279, 447, 449, 325, 
384, 326, 272, 132, 419, 508, 176, 139, 71, 158, 326, 94, 243, 
403, 358, 503, 149, 87, 251, 426, 283, 433, 39, 445, 133, 327, 
481, 199, 16, 407, 251, 436, 288, 208, 148, 426, 486, 89, 414, 
501, 412, 404, 27, 290, 412, 334, 54, 125, 339, 164, 403, 188, 
262, 95, 393, 160, 26, 464, 58, 276, 398, 284, 337, 359, 226, 
456, 156, 372, 140, 95, 67, 380, 317, 36, 376, 37, 459, 119, 
408, 12, 144, 26, 361, 152, 343, 76, 406, 85, 300, 268, 160, 
100, 404, 219, 220, 303, 81, 237, 381, 74, 416, 270, 333, 112, 
27, 16, 466, 239, 208, 207, 284, 108, 44, 74, 218, 473, 210, 
276, 220, 151, 181, 496, 434, 413, 66, 105, 497, 60, 90, 203, 
499, 170, 500, 269, 10, 24, 198, 58, 481, 425, 286, 199, 40, 
324, 181, 507, 230, 463, 448, 243, 359, 368, 287, 142, 310, 436, 
148, 292, 57, 488, 237, 502, 325, 402, 501, 277, 122, 93),